500000
5e+07
4.95e+07
5.0175e+07
4.9925e+07
4.9925e+07
4.9925e+07
4.9925e+07
4.8925e+07
4.8425e+07
4.8425e+07
4.7425e+07
4.6925e+07
4.6675e+07
4.6675e+07
5.0265e+07
4.9765e+07
4.9515e+07
4.9015e+07
4.9015e+07
4.7015e+07
5.2545e+07
5.2545e+07
5.2545e+07
5.2045e+07
5.1545e+07
5.1545e+07
5.1545e+07
4.9545e+07
4.9045e+07
4.9045e+07
4.6545e+07
4.6045e+07
5e+07
5e+07
4.7e+07
4.675e+07
4.675e+07
4.675e+07
4.625e+07
4.375e+07
4.225e+07
4.175e+07
4.186e+07
4.161e+07
4.161e+07
3.561e+07
3.511e+07
3.461e+07
3.4e+07
3.386e+07
3.386e+07
3.336e+07
3.286e+07
3.286e+07
3.322e+07
3.272e+07
4.5065e+07
4.5166e+07
4.5776e+07
4.7576e+07
4.5076e+07
4.4576e+07
4.1576e+07
7.1261e+07
7.1011e+07
7.1121e+07
7.0871e+07
7.1231e+07
7.0231e+07
7.0841e+07
6.5591e+07
6.5591e+07
6.5e+07
6.5201e+07
6.6881e+07
7.3371e+07
7.3731e+07
7.8881e+07
7.8631e+07
7.7631e+07
7.7981e+07
7.7491e+07
7.8931e+07
7.9321e+07
7.8971e+07
7.8471e+07
7.8401e+07
7.8551e+07
7.8981e+07
7.9521e+07
7.3771e+07
7.3881e+07
7.3631e+07
7.2131e+07
7.2481e+07
7.2851e+07
7.1851e+07
7.1916e+07
7.1711e+07
7.3511e+07
7.3011e+07
7.2551e+07
7.2371e+07
7.2801e+07
6.9551e+07
6.9551e+07
6.6051e+07
7.3751e+07
7.1251e+07
7.4271e+07
7.4131e+07
7.3881e+07
7.3671e+07
7.5541e+07
