500000
5e+07
4.95e+07
4.95e+07
6.1305e+07
6.1305e+07
4.0805e+07
3.9055e+07
3.9055e+07
4.4e+07
4.3345e+07
4.3345e+07
4.3345e+07
4.3345e+07
4.2595e+07
4.2595e+07
4.2595e+07
4.2595e+07
6.4265e+07
6.4015e+07
6.4015e+07
6.3515e+07
6.3015e+07
6.3015e+07
6.3015e+07
6.2765e+07
4.9515e+07
4.9015e+07
4.9015e+07
4.8515e+07
4.9305e+07
4.9305e+07
4.8555e+07
4.7805e+07
4.7805e+07
4.7305e+07
4.9675e+07
4.9675e+07
4.9675e+07
5.097e+07
5.92e+07
5.92e+07
5.92e+07
5.82e+07
5.8237e+07
5.7737e+07
5.7737e+07
5.7737e+07
7.8786e+07
7.7786e+07
7.7786e+07
7.7786e+07
7.7286e+07
7.6786e+07
7.8221e+07
7.8221e+07
