100000
1e+07
9.9e+06
9.85e+06
9.85e+06
9.75e+06
9.65e+06
9.55e+06
9.55e+06
9.55e+06
9.55e+06
9.45e+06
9.35e+06
9.35e+06
9.35e+06
9.25e+06
9.15e+06
9.05e+06
9.05e+06
8.65e+06
8.55e+06
8.45e+06
8.45e+06
7.95e+06
8.2e+06
8.1e+06
8e+06
8e+06
8e+06
7.9e+06
7.8e+06
7.8e+06
1.28e+07
1.27e+07
1.26e+07
1.25e+07
1.25e+07
1.25e+07
1.435e+07
1.425e+07
1.425e+07
2.14e+07
2.165e+07
2.155e+07
2.155e+07
2.155e+07
2.18e+07
2.18e+07
2.15e+07
2.14e+07
2.14e+07
2.515e+07
2.505e+07
2.505e+07
2.505e+07
2.51e+07
2.51e+07
2.515e+07
2.515e+07
2.515e+07
2.54e+07
2.535e+07
2.535e+07
2.535e+07
2.535e+07
2.505e+07
2.475e+07
2.51e+07
2.785e+07
2.785e+07
2.775e+07
2.77e+07
2.772e+07
2.772e+07
2.252e+07
2.237e+07
2.232e+07
2.212e+07
2.212e+07
2.202e+07
2.197e+07
2.187e+07
2.187e+07
2.177e+07
2.167e+07
2.167e+07
2.167e+07
2.157e+07
2.137e+07
2.137e+07
2.137e+07
2.137e+07
2.857e+07
2.852e+07
2.852e+07
2.842e+07
2.842e+07