500000
5e+07
4.95e+07
4.95e+07
4.9e+07
5.022e+07
5.022e+07
5.022e+07
5.0365e+07
5.0725e+07
5.0725e+07
4.9725e+07
5.3675e+07
5.3675e+07
5.3175e+07
5.2675e+07
5.3825e+07
5.3325e+07
5.3325e+07
5.2825e+07
5.2575e+07
5.2575e+07
5.2075e+07
4.9775e+07
4.9775e+07
4.9275e+07
4.8775e+07
4.8525e+07
4.8525e+07
4.8525e+07
4.8525e+07
4.8025e+07
4.7525e+07
4.7525e+07
4.7525e+07
4.7525e+07
7.3665e+07
7.8975e+07
7.8975e+07
7.8975e+07
7.7975e+07
7.7975e+07
7.7475e+07
7.7475e+07
7.6795e+07
7.8185e+07
7.8195e+07
7.7695e+07
7.7195e+07
7.7195e+07
7.6695e+07
7.6695e+07
7.3195e+07
7.2505e+07
7.0505e+07
6.9505e+07
6.9505e+07
6.9255e+07
7.0045e+07
7.0045e+07
6.8545e+07
6.8045e+07
6.546e+07
4.7015e+07
7.5075e+07
7.5075e+07
7.5075e+07
7.4575e+07
7.3558e+07
7.3058e+07
7.3058e+07
7.3058e+07
7.3058e+07
7.2558e+07
7.6218e+07
7.6218e+07
8.0872e+07
7.9372e+07
7.7122e+07