500000
5e+07
4.95e+07
4.9e+07
4.85e+07
2.9743e+07
2.9743e+07
2.9243e+07
2.8743e+07
2.8243e+07
2.8243e+07
2.8243e+07
2.9393e+07
4.173e+07
4.123e+07
4.023e+07
4.023e+07
3.923e+07
3.873e+07
3.873e+07
3.623e+07
3.623e+07
3.023e+07
2.973e+07
2.973e+07
2.973e+07
2.973e+07
2.923e+07
2.873e+07
2.873e+07
2.5368e+07
2.5368e+07
2.4868e+07
2.4368e+07
2.4368e+07
4.3992e+07
4.3882e+07
4.3742e+07
4.3242e+07
3.7143e+07
3.7143e+07
3.6643e+07
3.6393e+07
3.6393e+07
3.6393e+07
3.5393e+07
3.4893e+07
3.4393e+07
3.4393e+07
3.5903e+07
