500000
5e+07
4.175e+07
4.125e+07
4.075e+07
4.025e+07
4e+07
4.079e+07
3.829e+07
3.779e+07
3.901e+07
3.901e+07
4.844e+07
4.844e+07
4.819e+07
4.769e+07
4.618e+07
4.741e+07
4.691e+07
4.935e+07
4.885e+07
4.81e+07
4.986e+07
4.986e+07
4.936e+07
5.015e+07
5.015e+07
5.13e+07
4.48e+07
4.7065e+07
4.7065e+07
4.6565e+07
4.6065e+07
4.6065e+07
5.5825e+07
5.5425e+07
5.5175e+07
5.5965e+07
5.5965e+07
5.5965e+07
6.1645e+07
6.1645e+07
6.1645e+07
6.1645e+07
6.1145e+07
6.0645e+07
6.0145e+07
6.0145e+07
6.0145e+07
6.9685e+07
6.9685e+07
6.9685e+07
6.9685e+07
7.0475e+07
6.9975e+07
6.6475e+07
6.6475e+07
6.5975e+07
7.0725e+07
7.0225e+07
7.1051e+07
7.2235e+07
7.5185e+07
7.5185e+07
7.5185e+07
6.9322e+07
6.9072e+07
6.9082e+07
6.9582e+07
6.8082e+07
6.7582e+07
6.7582e+07
6.7582e+07
6.7582e+07
6.7082e+07
6.6082e+07
5.8404e+07
6.3724e+07
6.3724e+07
6.2974e+07
6.1724e+07
6.1724e+07
6.1724e+07
6.1224e+07
6.0724e+07
5.7224e+07
5.6724e+07
5.6224e+07
5.5224e+07
5.5224e+07
