500000
5e+07
4.95e+07
4.95e+07
5.0835e+07
5.0685e+07
5.0685e+07
5.0685e+07
5.0685e+07
5.0185e+07
4.9685e+07
4.9685e+07
4.9685e+07
5.2485e+07
5.0885e+07
5.0985e+07
5.0985e+07
5.0985e+07
5.688e+07
5.648e+07
5.648e+07
5.648e+07
5.7055e+07
5.6555e+07
5.6055e+07
5.6055e+07
6.562e+07
6.512e+07
6.512e+07
6.512e+07
6.512e+07
6.462e+07
6.412e+07
6.5055e+07
6.5055e+07
6.4555e+07
6.4305e+07
6.4305e+07
6.4305e+07
6.3805e+07
6.4595e+07
6.56e+07
6.56e+07
6.586e+07
6.546e+07
6.386e+07
6.396e+07
7.0005e+07
6.9755e+07
6.9755e+07
7.0975e+07
7.092e+07
7.042e+07
6.992e+07
7.508e+07
7.509e+07
7.459e+07
7.208e+07
7.159e+07
7.109e+07
7.109e+07
7.509e+07
7.009e+07
7.509e+07
7.509e+07
7.009e+07
7.009e+07
