500000
5e+07
4.95e+07
4.95e+07
4.075e+07
7.138e+07
7.138e+07
7.138e+07
8.131e+07
8.106e+07
8.106e+07
8.106e+07
8.106e+07
8.031e+07
8.006e+07
8.006e+07
8.006e+07
8.61e+07
8.585e+07
9.2615e+07
9.2615e+07
9.1865e+07
9.1615e+07
9.1615e+07
9.1615e+07
9.1115e+07
9.0615e+07
9.0365e+07
9.0365e+07
9.213e+07
9.088e+07
8.913e+07
8.913e+07
8.913e+07
8.863e+07
8.838e+07
8.838e+07
8.838e+07
8.838e+07
8.688e+07
8.638e+07
8.638e+07
8.638e+07
8.588e+07
8.788e+07
8.789e+07
8.789e+07
8.8895e+07
8.8395e+07
8.8395e+07
8.94e+07
9.5935e+07
9.5935e+07
9.5685e+07
9.5685e+07
9.5685e+07
9.5685e+07
9.4935e+07
9.2185e+07
9.0185e+07
9.0185e+07
8.8685e+07
8.8685e+07
8.8185e+07
8.8185e+07
1.86045e+08
1.86045e+08
1.73545e+08
1.74335e+08
1.66335e+08
1.66335e+08
1.65835e+08
1.70005e+08
1.69505e+08
1.69505e+08
1.64505e+08
1.64005e+08
1.66375e+08
1.64875e+08
1.64875e+08
1.64875e+08
1.72625e+08
1.119e+08
1.114e+08
