100000
5e+06
4.9e+06
4.85e+06
4.85e+06
4.7e+06
4.65e+06
4.65e+06
2.75e+06
7.98768e+06
7.78768e+06
7.68768e+06
7.63768e+06
8.51368e+06
8.51368e+06
8.41368e+06
8.01368e+06
7.96368e+06
7.66368e+06
7.56368e+06
7.46368e+06
7.36368e+06
7.26368e+06
7.26368e+06
7.16368e+06
7.11368e+06
7.01368e+06
6.91368e+06
5.93876e+06
5.93876e+06
5.93876e+06
5.93876e+06
5.93876e+06
5.83876e+06
5.78876e+06
5.68876e+06
5.68876e+06
4.83876e+06
4.83876e+06
8.45168e+06
8.25168e+06
8.93368e+06
8.88368e+06
8.88368e+06
8.78368e+06
8.78368e+06
8.23368e+06
7.98368e+06
7.98368e+06
7.88368e+06
7.78368e+06
7.73368e+06
7.73368e+06
7.53368e+06
7.53368e+06
7.48368e+06
7.48368e+06
7.38368e+06
7.38368e+06
7.54168e+06
7.54168e+06
7.54168e+06
7.44168e+06
6.84168e+06
6.74168e+06
5.54168e+06
5.34168e+06
5.29168e+06
5.29168e+06
5.29168e+06
5.29168e+06
5.09168e+06
5.04168e+06
5.04168e+06
8.84368e+06
8.64368e+06
8.64368e+06
8.80168e+06
8.80168e+06
8.80168e+06
8.50168e+06
1.01857e+07
1.01857e+07
9.78568e+06
9.78568e+06
9.68568e+06
9.58568e+06
9.5e+06
9.2e+06
9.25e+06
9.15e+06
9.15e+06
9e+06
8.95e+06
8.95e+06
9.987e+06
9.987e+06
9.787e+06
9.787e+06
9.787e+06
1.1128e+07
1.1079e+07
1.0979e+07
1.0879e+07
1.0779e+07
1.1023e+07
1.0923e+07
1.0823e+07
1.0723e+07
1.0623e+07
1.0623e+07
1.0623e+07
1.0473e+07
1.0423e+07
1.0423e+07
1.0323e+07
1.1454e+07
1.1886e+07
1.1986e+07
1.1886e+07
1.1786e+07
1.2016e+07
1.1916e+07
1.1816e+07
1.1716e+07
1.1616e+07
1.1516e+07
1.2428e+07
1.1428e+07
1.1328e+07
1.1228e+07
1.394e+07
1.389e+07
1.379e+07
1.359e+07
1.349e+07
1.319e+07
1.299e+07
1.299e+07
1.299e+07
1.284e+07
1.279e+07
1.259e+07
1.249e+07
1.249e+07
1.239e+07
1.234e+07
1.234e+07
1.234e+07
1.3621e+07
1.3621e+07
1.3571e+07
1.3471e+07
