1
100
99
99
99
98
97
96
96
96
93
117
117
116
126
127
127
127
126
135
135
135
148
147
147
138
137
138
137
137
125
114
114
117
120
118
118
117
116
115
123
123
122
121
121
115
114
112
111
111
110
118
118
118
117
116
116
115
115
119
118
118
117
126
92
91
93
92
98
99
99
100
99
99
99
143
143
147
141
100
99
99
99
98
97
97
96
95
95
95
95
102
101
207
207
207
206
205
205
205
204
203
202
202
202
202
201
200
199
198
198
197
197
193
193
192
152
151
151
150
149
148
147
147
147
146
148
145
144
144
143
142
166
166
181
190
189
189
188
203
203
203
202
202
202
201
201
200
199
198
202
201
209
209
206
205
204
204
211
