100000
1e+07
9.9e+06
9.65e+06
9.55e+06
9.45e+06
9.25e+06
1.038e+07
1.028e+07
1.018e+07
1.013e+07
1.2271e+07
1.2046e+07
1.1846e+07
1.1696e+07
1.1646e+07
1.1446e+07
1.1446e+07
1.1446e+07
1.1346e+07
1.1296e+07
1.1296e+07
1.1296e+07
1.1196e+07
1.0846e+07
1.0846e+07
1.0846e+07
1.0746e+07
1.0646e+07
1.0646e+07
1.0646e+07
1.0646e+07
1.0446e+07
1.0446e+07
1.0346e+07
1.0296e+07
1.0296e+07
1.3021e+07
1.2421e+07
1.2809e+07
1.2967e+07
1.2867e+07
1.2767e+07
1.2667e+07
1.2667e+07
1.3543e+07
1.3543e+07
1.3443e+07
1.3243e+07
1.2943e+07
1.2943e+07
1.2943e+07
1.2843e+07
1.2793e+07
1.2693e+07
1.5637e+07
1.5637e+07
1.5537e+07
1.9651e+07
1.9651e+07
1.9251e+07
1.9251e+07
2.3558e+07
2.808e+07
2.808e+07
2.808e+07
2.808e+07
2.798e+07
2.8468e+07
2.8468e+07
2.8468e+07
2.8468e+07
3.1383e+07
3.1333e+07
3.1233e+07
3.1477e+07
3.1477e+07
3.1377e+07
3.1277e+07
3.1277e+07
3.1177e+07
2.1027e+07
2.0977e+07
2.0977e+07
2.0977e+07
2.0113e+07
2.0113e+07
2.0013e+07
2.0013e+07
1.9913e+07
1.9813e+07
1.9768e+07
1.9763e+07
1.9763e+07
1.9563e+07
1.9363e+07
1.9363e+07
1.9363e+07
1.9263e+07
1.9163e+07
1.9063e+07
3.6584e+07
3.6384e+07
3.7302e+07
3.6802e+07
3.6802e+07
4.0352e+07
4.0302e+07
4.0102e+07
4.0052e+07
4.0346e+07
4.0246e+07
4.0246e+07
4.0246e+07
4.0146e+07
4.0096e+07
3.9596e+07
3.9596e+07
