100000
8e+06
7.9e+06
7.8e+06
7.8e+06
7.8e+06
8.332e+06
8.232e+06
7.232e+06
7.232e+06
7.132e+06
6.982e+06
6.932e+06
6.932e+06
5.632e+06
5.632e+06
5.532e+06
5.806e+06
5.806e+06
7.827e+06
7.827e+06
8.201e+06
8.151e+06
8.151e+06
8.151e+06
8.051e+06
8.001e+06
7.901e+06
7.801e+06
7.701e+06
7.651e+06
7.651e+06
7.651e+06
7.551e+06
7.2e+06
7e+06
6.9e+06
6.8e+06
3e+06
2.9e+06
2.9e+06
3.432e+06
3.54e+06
3.834e+06
3.834e+06
3.734e+06
3.892e+06
3.842e+06
3.742e+06
3.742e+06
3.742e+06
3.642e+06
3.592e+06
3.492e+06
6.035e+06
6.035e+06
5.035e+06
5.035e+06
5.035e+06
5.035e+06
4.935e+06
2.096e+06
2.096e+06